430.86
156.35
494.63
120.65
494.63
128.91
494.63
198.14
193.14
234.20
177.06
124.06
202.58
464.07
202.58
428.86
430.86
318.12
428.86
462.07
356.17
128.91
193.14
202.58
430.86
195.15
196.14
232.20
193.14
428.86
323.56
323.56
323.56
193.14
204.58
204.58
356.17
128.91
464.07
325.56
128.91
199.68
204.58
318.12
126.91
128.91
430.86
179.06
320.12
234.20
428.86
366.87
158.35
428.86
366.87
356.17
428.86
323.56
128.91
430.86
126.91
232.21
232.20
179.06
430.86
364.87
325.56
464.07
430.86
430.86
234.20
320.12
124.06
494.63
234.20
359.10
156.35
354.17
323.56
204.58
234.20
232.20
232.20
156.35
320.12
430.86
193.14
234.20
179.06
232.20
199.68
323.56
359.10
179.06
325.56
320.12
356.17
198.14
320.12
325.56
888.11
1470.72
626.12
1782.14
1221.36
629.04
1490.59
1470.26
626.12
1490.59
850.35
1589.73
1470.26
1659.62
1613.60
1448.96
723.30
850.35
1373.94
850.35
1691.98
1729.68
488.34
1095.31
850.35
1729.68
747.25
626.13
644.73
723.30
1482.12
1050.96
996.49
776.84
1404.39
793.62
1121.80
1470.26
1482.12
874.00
812.48
1190.24
1236.67
776.83
1043.42
1473.01
1629.01
1629.01
952.72
1470.72
776.83
1554.82
1050.96
1554.82
1448.96
488.34
1207.46
1287.84
793.62
850.35
1373.94
599.93
1221.36
488.34
1470.72
1473.46
747.25
626.13
1776.80
411.70
806.73
952.72
626.12
1121.80
516.23
1473.46
1729.68
626.12
599.93
850.35
1473.01
1287.84
1190.24
1776.80
1144.94
1055.25
850.35
952.72
850.35
1554.82
1589.73
1293.31
1034.87
579.10
469.68
1221.36
1043.42
691.54
691.54
940.38
1894.85
1510.91
1663.58
935.40
1539.77
1925.32
1179.09
1085.40
1260.96
1780.07
1633.26
1395.03
1444.13
1229.41
1666.18
1770.37
1558.12
1154.77
2214.64
1656.28
993.55
1487.93
1879.09
1711.55
1865.67
1479.02
1249.66
1944.62
924.65
1632.61
616.24
1587.21
1152.99
1569.38
1116.62
1694.37
1060.47
1639.12
1630.47
1635.50
1229.41
1539.77
844.90
1639.12
1710.72
1575.52
1964.86
1787.57
1674.09
1780.07
1366.61
1175.66
1714.80
1623.73
1809.29
1110.60
1522.60
841.27
1487.93
1229.41
1510.91
1793.53
1921.09
1175.65
1558.12
1682.98
1780.07
1189.47
1487.93
1727.10
1730.86
1870.43
1483.33
1260.96
972.95
1037.45
1921.09
1606.63
1483.06
966.87
1880.76
1277.26
1505.19
1827.18
631.81
1714.80
1778.65
1058.51
1615.13
1193.72
1865.67
2016.46
1880.76
1952.80
1152.99
1461.33
831.96
1987.45
1561.41
1711.55
1403.48
966.26
1328.85
875.39
1459.34
723.30
1050.05
1328.85
1416.98
1483.06
1222.41
1144.41
676.38
1222.41
1163.10
905.79
906.36
678.74
1165.44
1165.44
1502.49
776.83
748.57
1459.34
1416.98
866.07
1321.95
1577.01
1112.02
1100.95
624.78
715.19
640.56
2119.83
1251.14
782.68
751.57
570.72
906.36
1127.17
667.98
776.83
1251.14
1429.72
905.79
1166.93
787.52
570.71
1165.44
1207.46
1809.91
848.42
640.56
1095.31
625.15
748.57
1515.99
1515.99
625.15
782.66
751.57
1048.28
1871.76
1515.99
543.18
1691.98
1507.68
866.07
624.78
1222.41
1116.62
1163.10
1515.99
1416.98
1251.14
1237.71
1353.87
625.15
743.94
1276.06
779.68
1127.17
1328.85
678.74
1116.31
650.68
2119.83
539.36
679.38
1236.67
671.06
906.36
650.68
1353.87
1809.91
1012.00
1465.26
848.42
1339.72
1559.83
924.66
678.75
847.34
1142.90
679.39
572.74
781.98
903.31
482.66
1062.53
671.07
1166.94
844.91
966.27
751.59
666.60
1077.13
546.05
1606.64
546.05
770.14
572.74
872.20
848.90
710.16
710.16
1142.90
788.54
571.00
1249.67
406.92
795.81
1019.86
1100.96
682.23
1837.12
905.80
743.95
695.67
1048.29
971.32
837.37
667.86
636.52
464.69
1110.61
624.79
488.35
1090.36
782.67
282.89
255.57
332.06
741.46
1165.44
667.85
743.94
802.96
361.66
738.01
848.42
813.95
1048.28
616.27
1237.62
448.34
992.40
1165.44
1165.44
198.42
764.64
1163.10
1166.93
1163.10
752.69
787.42
1165.44
1237.62
785.59
363.02
667.86
755.30
255.57
363.02
693.36
640.56
1237.62
650.68
875.39
1237.62
636.19
779.66
448.34
813.95
162.18
363.02
1165.44
616.27
785.59
802.96
1165.44
650.68
624.78
331.74
1165.44
331.75
787.42
625.15
752.69
624.78
755.30
875.39
625.15
361.66
198.42
752.69
804.96
1116.31
755.30
448.34
992.40
726.14
1251.14
361.66
636.51
402.81
624.78
741.46
785.59
361.66
415.96
1166.93
737.28
671.06
282.89
741.46
787.42
332.06
1251.14
625.15
737.28
1048.28
616.27
303.94
361.66
361.66
1166.93
1116.31
363.02
787.42
1478.11
1109.32
1168.72
1374.90
1121.80
469.68
751.58
851.24
1281.64
1478.11
751.58
1448.96
835.54
718.71
1478.11
704.94
644.73
629.04
850.57
1374.90
629.04
686.23
1031.34
1539.10
1365.73
704.94
1499.24
751.58
1287.00
648.57
593.83
628.40
629.04
666.59
794.70
1535.30
1374.90
1019.85
1121.80
1058.50
1499.24
847.33
1019.85
1522.60
828.16
1478.12
516.23
1058.50
850.35
1317.16
1479.01
600.23
1561.63
1448.96
629.04
1478.11
1031.34
616.24
850.35
1535.30
835.08
1287.00
1161.55
1539.77
1478.11
751.58
1121.80
1317.16
1309.85
648.57
1560.78
469.68
1307.97
469.68
830.45
516.23
1353.77
666.59
1539.10
1055.25
850.35
600.24
880.41
511.23
835.54
666.59
1500.09
1448.96
880.41
1452.17
469.68
628.40
600.23
1058.50
835.54
1161.55
648.57
1281.64
1448.96
666.59
2004.34
2279.82
1880.76
1964.86
1776.48
2248.12
1950.30
1862.45
2014.72
1971.23
2248.12
1862.45
1847.26
2072.18
1849.58
1880.76
1847.26
1950.30
1944.62
1857.04
1944.62
1847.26
2279.82
2032.23
1964.86
1779.48
1871.76
2073.13
1817.77
2014.72
1694.37
1780.58
1862.45
1862.45
2014.72
1694.37
1765.79
1880.76
1945.95
1765.79
1780.65
1880.76
1862.45
1780.65
1847.26
1894.85
1817.77
1694.37
2248.12
2047.06
1720.21
1987.39
2017.72
2063.98
2248.12
1897.19
1971.23
2214.64
1748.09
2017.72
1779.48
2032.23
1749.31
1944.62
2032.23
1857.04
1862.45
1807.42
1894.85
1765.79
2164.15
2279.82
2032.23
2072.18
1849.58
2047.06
1826.08
2014.72
1880.76
1810.42
2024.20
1809.91
2000.19
1894.85
1964.87
2004.34
1852.47
1809.91
1810.42
2014.72
1737.87
1807.42
2248.12
1847.26
1880.76
1727.10
1862.45
2132.85
1720.22
1944.62
1423.86
1171.68
848.89
1809.83
1584.73
875.39
1277.26
1189.47
535.67
1077.12
2030.76
1522.45
1847.84
1745.18
1577.55
1921.18
1787.41
1851.70
1807.33
1634.13
1345.66
2162.03
1649.04
1915.79
1656.28
1374.90
1691.68
835.08
1881.36
1419.34
1662.88
1548.87
1996.18
1092.94
1361.30
1952.80
704.94
2015.18
1779.92
380.88
1894.85
2073.13
1090.35
764.24
1295.34
1793.52
1889.71
804.96
1589.65
1475.40
1454.48
1309.85
1077.12
2030.76
1632.42
1033.44
1606.63
1975.88
1394.55
1842.24
1434.42
1152.99
648.53
175.53
1321.95
1338.30
1062.52
1987.44
1423.86
828.16
1447.39
1372.83
1416.98
499.26
1485.69
1612.43
1827.44
1796.98
616.27
1779.92
1396.28
924.65
1503.98
1809.91
648.53
1447.39
1452.17
1682.62
935.98
1785.72
2248.12
658.14
1077.12
1313.53
1317.33
1790.53
1913.87
1300.19
1013.78
1287.84
1432.75
1810.37
1593.12
1755.18
1858.36
1897.19
1839.67
1737.86
1372.83
1746.74
1314.30
1202.69
1203.93
1416.98
1412.13
1487.93
1447.39
1490.51
1395.03
1605.84
887.65
1575.52
1720.21
1276.06
1302.97
2159.33
1396.28
1811.97
1419.48
1915.79
543.18
1507.49
1231.94
1092.94
731.28
1443.02
962.14
1303.19
1747.22
1300.19
1050.05
1282.80
897.78
1915.79
1116.62
2013.21
1871.27
1095.31
667.85
1696.65
1671.23
1356.46
1797.14
2159.33
1559.83
806.73
1682.33
737.28
1642.55
2000.19
1745.09
789.01
738.01
1345.66
1569.37
1285.23
844.90
1687.08
1388.05
2030.76
1862.13
1819.41
1114.90
1797.14
1394.55
1447.95
1806.06
1905.50
1705.24
1779.08
835.54
1758.56
2000.19
1569.37
1624.11
1497.46
535.67
1013.78
795.80
1248.46
1951.77
1996.18
1361.30
1485.59
1222.60
1525.26
1662.92
1719.37
1338.30
1793.52
1387.17
1386.33
1989.13
1550.04
996.49
1568.41
1423.86
1699.56
1606.76
1951.77
1615.43
1780.07
1696.15
1447.25
1653.69
2197.33
1968.40
2143.74
1539.00
831.96
1121.80
2337.73
1971.23
1894.85
1302.97
1785.53
785.59
431.17
1438.96
1447.39
1120.22
1154.77
1077.12
1944.62
1980.99
1685.10
2090.54
1921.18
2097.69
1746.74
1623.81
1682.33
1823.47
1473.01
1967.87
877.17
1279.31
1779.48
1873.94
1858.36
538.67
788.53
1879.09
1624.68
1770.37
1899.69
1682.33
1843.97
1635.50
2013.21
1110.00
1752.03
718.71
631.81
1699.56
1796.99
1238.04
1522.45
1180.63
2030.59
1650.06
710.25
1603.89
1776.62
695.66
1248.46
1710.53
1759.33
1777.72
1482.12
866.05
1019.85
917.79
1376.59
1485.40
718.71
1817.78
966.26
1110.60
1765.79
1506.38
1055.25
1745.10
1189.47
1236.67
1539.10
616.24
1408.25
1215.96
1702.81
844.90
1394.38
1048.28
1885.87
1466.95
1492.02
1793.07
1757.81
830.08
1918.89
1705.90
1152.99
1396.28
1671.23
1624.11
1238.04
1777.72
1682.62
1659.50
1633.66
1503.99
1682.62
658.14
1476.48
1345.66
1612.43
1189.47
1645.06
1770.37
887.65
1468.19
1292.77
2004.34
1707.38
1276.06
639.19
978.13
1837.25
1625.46
962.14
1775.03
1490.59
1260.96
1625.53
1485.69
1439.17
544.12
1113.16
1758.03
877.17
916.02
935.98
1842.10
1119.17
1292.93
1785.72
1587.21
1499.24
830.45
2079.14
2090.54
1682.62
1851.70
1683.49
1497.46
1536.60
2098.07
718.71
1659.50
1589.75
1724.68
1384.78
1760.00
755.30
1603.60
1666.52
1917.57
1903.76
1501.24
1628.66
1360.76
1759.33
1673.70
847.33
737.28
1345.66
1130.36
1628.66
1793.52
2159.33
1515.99
1116.56
1110.00
1287.84
1516.43
1116.31
2016.46
1807.67
1831.92
1269.10
1600.42
1483.06
303.94
2080.00
1372.83
1600.42
1674.09
1961.96
1842.10
1068.46
666.59
1285.23
710.15
1716.13
1757.82
1804.68
406.91
1412.13
1727.49
1476.48
1569.37
1461.63
1077.12
1897.19
1152.99
1633.26
1579.73
1543.17
2079.14
1643.68
704.94
1593.12
629.04
1633.26
2124.17
1832.34
626.12
1682.10
1179.09
981.72
1807.67
710.25
1593.24
1770.37
1589.65
1951.77
1765.67
1506.38
1113.16
982.64
1753.09
1371.86
1623.81
1341.74
639.51
1273.45
1516.68
966.26
1775.03
1365.73
1950.30
437.40
1815.02
1485.05
1842.47
1556.78
221.23
710.25
1724.42
624.78
1154.77
1462.01
1515.99
1682.98
1215.84
1776.62
1354.00
1777.14
802.95
1605.84
1535.30
1285.23
1536.60
1505.19
1618.13
406.36
1203.93
793.62
1421.45
1603.89
922.69
1183.74
866.05
1050.96
1062.52
1638.66
1950.30
1875.72
2072.18
1317.33
1952.80
1897.19
1030.13
1220.35
799.12
1116.56
1513.04
1142.89
1839.67
2124.16
1513.04
788.62
1630.47
1267.98
1666.61
1750.09
1842.10
1107.96
1809.91
626.12
1501.24
1345.66
879.65
1696.65
1518.93
1659.50
1724.42
913.29
1389.11
1691.68
600.23
1624.68
1376.04
913.29
1865.67
1518.93
2159.33
1209.08
499.26
1017.64
1507.04
1900.18
1718.79
1701.23
1339.93
1492.65
1628.60
1649.42
1438.41
1438.52
1930.24
1372.83
1556.68
1447.95
1625.46
1792.31
1753.84
2124.16
1273.45
1183.16
1203.93
1438.52
1603.89
1017.64
2079.14
1632.10
782.68
1483.33
2016.46
1500.28
1067.81
1158.68
1500.28
1175.65
703.45
1205.90
1237.62
1353.77
1215.84
1171.68
1578.87
981.72
1077.12
1113.16
962.14
1485.69
1726.51
723.30
1681.79
1269.10
667.85
1449.26
866.07
1490.51
676.38
1589.65
1193.72
1371.86
418.17
1704.72
1113.16
1691.68
1174.68
1578.87
1905.50
2248.12
1703.20
1396.28
625.15
1777.72
1496.46
1485.69
1353.87
1640.78
2016.46
1539.00
1485.69
1528.75
1114.90
2143.74
1809.83
1988.56
1116.31
1432.75
1815.02
1593.24
1461.63
616.27
1839.67
1399.55
1777.72
1419.88
866.76
1745.18
1961.96
1365.21
1842.10
1485.69
1557.27
880.41
1490.51
2162.13
1432.75
1815.02
2013.21
1876.76
1515.99
1839.05
1515.99
1520.73
1539.77
1543.17
1630.47
2159.33
848.89
779.66
1865.67
1410.58
1248.46
570.99
1398.94
844.90
874.00
1832.34
962.14
1699.56
1696.38
1755.05
1374.90
1873.19
1306.64
1113.16
1483.33
1793.36
1603.89
1666.29
1624.12
1314.30
891.90
1483.06
1432.79
1222.41
1500.09
1590.82
1654.42
1134.47
1649.04
1449.26
1705.27
1793.52
1202.69
1881.36
1515.99
1779.12
1222.60
1903.76
1559.83
1899.69
1192.88
1171.54
1873.19
1777.72
1603.89
969.85
1666.52
1759.33
1649.42
1640.78
1360.76
540.97
1628.60
1287.00
1269.10
1189.47
2162.03
1273.45
1447.25
1710.72
897.26
640.56
1243.10
1585.02
1398.94
1557.20
831.96
866.07
1461.33
1430.04
1436.66
1528.91
1987.44
1559.83
1198.24
1119.17
1536.60
1787.41
1631.49
1519.98
1519.98
667.99
1510.58
1203.93
866.07
1494.23
1696.86
1638.66
1897.19
1277.26
1696.65
839.27
1593.24
1839.05
1110.55
1837.25
1248.46
1780.58
599.93
579.10
1580.95
1229.41
1792.31
1287.00
1843.97
1630.66
1448.96
1739.49
1212.08
831.96
1740.85
1761.68
543.56
1354.00
946.39
1222.41
929.16
1490.51
1480.87
1603.89
2119.83
682.22
488.34
572.73
1573.12
1222.60
1468.19
1017.64
2214.64
1642.15
303.94
1519.98
1269.10
593.83
1171.54
1485.69
831.96
1724.42
1798.48
2090.54
788.53
255.57
1515.54
866.76
1419.34
1560.78
1209.08
1691.15
494.63
664.43
1673.23
1730.86
723.30
1013.78
1144.41
1557.94
1476.48
1494.23
1779.08
509.52
1472.53
802.95
1483.33
1696.65
1746.74
1673.70
1528.91
2030.59
1491.90
1873.19
1220.35
1625.46
805.12
1257.31
1292.77
850.57
1634.04
1705.24
1633.66
1753.09
1447.39
1705.90
1507.04
1396.28
1360.76
1207.46
873.97
1797.88
1525.45
1525.26
1516.68
2239.35
1842.47
1792.31
406.91
1175.65
1237.71
2065.16
1514.40
1133.45
1549.54
866.07
1872.81
1600.10
2159.33
1539.47
1573.12
1033.44
1899.69
1710.98
578.59
1337.63
847.33
1354.00
1501.24
1500.28
1399.39
1561.41
1444.13
2098.07
1423.85
1013.78
1416.99
1631.49
795.80
1579.73
1699.56
1033.44
624.78
877.19
1309.85
1237.62
1631.49
1229.41
1826.93
1777.72
616.27
1502.02
1490.51
1090.35
1473.46
1264.53
1757.81
1586.21
1873.19
2214.64
1770.91
1496.46
1394.55
1295.14
1468.19
1410.58
1796.98
1797.88
589.11
1720.21
1872.81
2124.16
1800.86
1285.20
1376.59
1339.72
1267.53
1746.74
626.12
320.12
992.40
543.36
1387.43
972.95
1030.13
636.02
949.34
1632.10
1666.52
704.94
1516.68
2119.83
913.29
1745.18
1839.05
1448.72
1603.60
380.88
1476.03
1545.67
960.47
1383.88
1415.58
1206.95
2000.39
1423.86
1567.23
710.15
2337.73
1273.45
2000.42
1203.93
1455.37
1276.06
1618.13
535.67
1438.52
293.36
1466.95
1815.42
1833.24
293.36
1747.22
752.69
862.61
831.96
1260.96
1659.50
1485.40
1497.46
1478.31
978.13
704.94
1120.10
1930.24
1787.41
1060.47
1862.45
1819.41
1590.82
1220.96
1603.89
1434.84
751.58
1628.66
1062.52
1809.91
1265.57
1249.66
1710.72
1510.57
1306.91
1685.92
1721.56
1638.66
1584.73
1092.94
1593.80
1758.56
1092.94
1787.41
628.40
981.72
1682.62
1432.75
1915.79
866.76
1396.28
1183.74
1110.60
1718.71
1432.75
1970.01
664.43
1345.39
1430.04
1077.12
1625.53
1817.77
1793.36
1512.04
1171.68
1202.90
1663.97
2119.83
457.49
2063.98
703.45
866.18
1721.56
1017.64
1461.63
715.19
1839.67
1513.04
1980.99
1921.18
1062.52
1671.23
1513.04
1951.77
1810.37
1410.58
872.19
837.36
1629.01
752.69
1793.52
1243.10
1223.35
2337.73
1590.82
1674.09
1691.68
1222.60
1755.18
1757.81
1989.13
464.68
852.02
1055.25
1388.05
1839.67
1666.18
1506.38
1847.84
1710.72
1518.93
1682.33
1800.86
1513.04
2124.16
852.02
1404.39
744.46
1649.49
1779.93
1695.82
671.06
1395.65
830.07
1092.94
1269.10
1192.88
546.04
1435.96
1515.99
1628.60
1273.45
616.27
1206.95
1568.41
726.15
572.73
1590.82
1757.31
1292.77
1745.18
1790.53
1818.37
1606.76
1666.61
1671.23
1435.96
1746.74
1542.40
1237.71
748.57
1113.16
1067.81
1628.66
616.24
1539.00
2098.07
1750.09
1345.66
1344.18
837.36
1716.13
1925.32
1535.30
1277.26
1787.57
1229.87
1478.11
1535.30
1536.60
972.58
1222.41
1839.67
1827.44
2072.18
1475.40
1558.09
1826.93
1800.86
1980.99
1682.62
1683.49
1681.79
1282.80
1916.37
1549.54
1682.33
1434.42
1522.76
1528.91
1435.96
875.00
875.39
1790.53
1619.00
1092.94
1110.55
1060.47
1461.33
1190.16
625.15
875.39
1558.12
1757.31
1573.12
1459.63
1899.69
1805.77
2124.16
1208.82
1513.28
972.96
1392.10
1154.77
1743.85
755.30
1809.91
1013.78
1777.72
1897.38
1419.88
1569.37
992.40
1522.45
1716.13
415.96
1479.01
1215.84
1447.39
1447.39
1633.66
802.96
1483.58
1575.52
204.58
723.30
1840.75
1691.68
962.14
1110.00
1851.70
667.85
648.57
1699.90
1682.98
1797.88
1944.62
1988.56
1202.90
1663.58
1292.77
1747.22
1710.98
1645.06
1666.61
1797.14
593.83
1777.72
516.23
1862.13
1520.73
781.82
1248.46
1432.75
1485.69
875.39
1438.41
1879.09
1478.93
966.87
1554.82
1476.48
1600.42
1849.58
1878.06
571.17
234.21
935.38
1630.66
1968.40
1897.20
1732.46
1613.60
1872.44
1643.68
1831.92
516.69
1683.49
1780.65
1561.20
1747.22
1889.90
1478.11
1847.08
1399.55
1116.56
1309.85
1119.17
1600.42
1539.47
1757.81
1365.73
1447.39
331.74
1873.19
1438.41
1419.88
522.58
776.83
1839.05
1558.12
1705.90
852.02
1809.83
1515.99
1031.34
1878.06
1077.12
800.30
616.27
1264.53
1779.48
1862.45
1372.31
648.53
1201.26
1145.33
866.07
1755.18
1175.65
1545.67
1370.64
1485.69
1573.12
1663.58
751.58
1415.58
1829.06
1699.56
457.49
1988.56
1510.57
2248.12
1913.87
935.38
1222.60
621.12
1649.04
1753.56
851.24
1152.99
1798.47
568.17
1238.04
776.83
1663.58
1522.76
2159.33
992.40
1201.26
1285.23
1466.31
2015.18
650.68
1870.43
1416.98
1459.63
787.01
877.17
1699.56
1930.24
1968.40
726.14
1691.68
1020.81
1839.05
1573.12
1606.76
1648.96
704.94
1092.94
852.02
1030.13
1485.59
1577.01
1847.84
1476.03
1384.78
1535.30
1295.14
1447.25
1295.14
1996.18
1017.64
1915.79
1569.37
1753.56
1531.20
1203.93
1398.94
1951.77
1823.47
852.02
1593.80
1528.91
2014.72
1673.70
1699.90
1721.56
1398.94
1513.28
1742.34
1749.93
1144.41
1561.63
780.15
1753.56
1770.37
406.91
1593.24
1828.37
1728.07
1535.30
1438.52
667.98
1253.66
1889.87
1201.26
1702.81
1207.46
812.48
1535.30
1502.02
1307.97
1745.18
1260.96
544.12
781.97
1796.98
1797.14
1809.91
1732.46
2013.21
1338.30
1483.06
1639.12
1451.85
1666.52
1468.19
1449.26
1705.24
1152.99
1865.67
1492.02
1208.82
1048.28
715.19
1826.08
1302.97
1528.91
650.68
1222.41
1490.96
1536.60
1113.16
1367.64
1699.94
710.15
1889.71
848.42
779.68
1777.72
966.26
1739.49
1944.89
1022.81
1745.09
1797.14
2030.59
851.24
437.40
738.92
1550.04
1777.72
609.73
1916.37
1829.06
1215.96
1586.22
1055.25
648.53
1734.08
949.34
175.53
1229.87
1961.96
1793.07
1638.66
1944.89
1797.88
2159.33
1699.56
1549.54
1366.61
1648.96
962.14
1608.89
1462.01
1798.47
1394.38
1599.27
1165.44
1447.39
1473.75
787.52
1389.11
1261.41
1843.97
1050.96
1777.72
2239.35
875.39
1842.10
175.53
1987.44
1302.97
1765.67
1787.41
737.28
1777.72
1987.44
1682.33
1742.34
415.96
1531.20
1663.58
1608.55
1438.52
1759.97
1185.24
1862.13
1547.50
1157.87
234.20
1918.89
285.89
255.57
1394.38
847.33
1883.49
1871.76
1437.95
1779.12
1513.28
1461.33
1557.27
1377.35
830.07
1745.18
1229.87
1395.03
1490.59
1499.68
1639.12
1711.97
1510.57
600.23
1447.26
1681.48
1839.05
866.07
875.39
1081.05
1396.28
1349.04
962.14
1561.41
1577.01
1847.84
780.15
1842.10
946.39
1952.80
1930.24
1434.84
1238.04
1522.60
949.04
1797.14
1366.61
969.85
1586.22
1222.60
837.36
535.67
887.65
499.26
1833.27
1989.13
1688.90
1295.14
1260.96
667.85
1483.06
1745.18
1022.81
437.40
1682.33
1691.68
575.99
1360.76
869.00
966.26
1236.67
2159.33
916.03
162.18
1300.19
1988.56
1411.95
1842.10
1828.37
1392.10
1687.08
1828.37
1295.34
949.34
1110.60
1739.49
1429.72
1559.59
935.98
1683.49
1950.30
1800.86
1112.02
1979.83
1950.30
1434.42
1753.56
1496.46
1017.64
1842.10
1295.14
1222.41
1519.98
1718.71
1518.93
647.00
1481.03
781.82
1222.60
150.34
1691.98
1745.09
1663.58
1193.72
1395.03
1678.89
2032.23
1600.42
1365.73
1494.23
682.22
1755.05
2000.19
1142.89
1817.77
1171.68
1682.98
2090.54
1623.73
600.23
949.34
1454.47
1792.31
1501.10
1221.36
1557.95
1353.87
1133.45
1760.00
1691.68
1897.19
1691.68
848.89
1846.41
1654.62
1666.29
981.72
1557.20
1109.32
907.19
1422.12
1590.82
1586.21
1461.33
1748.09
1175.65
850.57
960.47
1851.70
1556.70
1703.20
1365.21
1292.77
1423.86
774.64
2159.33
1013.78
1880.76
1048.28
1671.23
516.69
1432.75
1256.92
922.69
464.07
1659.50
1678.89
415.96
1012.00
2143.74
1839.67
1110.96
1944.89
1461.33
1638.66
1600.42
1493.51
2143.74
831.96
718.30
1921.68
1691.68
631.81
1785.47
2214.64
1506.38
1579.73
1559.59
1423.86
1260.96
1189.47
1309.85
1671.23
1490.51
1970.01
1548.87
1512.04
1674.09
1711.97
1448.73
2050.62
1060.47
1423.86
1447.95
669.85
2164.15
578.58
924.90
1338.30
1899.69
1719.37
1222.60
2024.20
1632.61
1625.46
1827.44
966.87
837.36
1806.06
221.23
1842.24
1980.99
1798.38
1704.72
1492.64
1539.47
1523.26
1807.33
150.34
1691.15
1193.72
1311.23
1979.83
1265.58
1339.72
1434.71
1691.15
1555.48
1483.58
1510.91
1306.64
1807.42
738.92
1314.30
787.52
1339.72
718.30
666.59
1013.78
1483.06
644.73
1501.10
956.61
1539.00
1971.23
2030.59
1557.27
1944.89
1523.26
1367.64
1793.52
1809.83
1092.94
678.74
1208.82
1827.44
1619.00
1748.09
2072.18
625.15
290.36
1779.08
737.28
1743.85
1085.40
1819.41
1203.93
1451.85
1344.18
1203.93
1192.88
1573.12
1883.21
1341.74
1862.45
1507.04
1435.04
1579.73
1650.06
1979.83
1800.86
1557.20
1317.16
1925.32
1165.44
793.58
1577.01
1251.14
1635.50
844.90
1305.54
1170.54
1705.90
1635.50
2132.85
1235.69
1376.59
1593.80
575.99
1779.92
1461.33
1798.38
1833.24
448.34
726.14
1732.46
1833.24
1261.41
1944.89
738.92
1149.07
1386.33
748.57
2143.74
1456.34
1092.94
1842.10
1727.11
1432.79
972.95
1050.05
1437.95
1506.38
1740.85
1506.38
1797.88
1565.16
1203.93
1839.05
1619.00
1295.14
1873.19
198.42
1799.96
1276.06
1685.92
624.78
764.24
1945.95
1809.29
1573.12
949.34
1603.89
1979.83
1659.50
1189.47
1618.13
1705.24
1222.41
1793.07
1699.72
1483.06
1113.16
1282.80
771.83
1777.72
1846.41
1434.42
1930.24
2337.73
1798.38
1395.03
1800.86
693.36
785.59
1432.79
837.80
1497.23
1516.43
1852.47
969.85
2090.54
1742.34
1556.68
1770.37
1608.55
1788.75
648.54
891.90
715.19
1505.28
774.64
1833.27
1662.93
2248.12
1671.23
1394.38
1110.60
494.63
960.47
1726.51
1543.17
1699.56
1050.05
755.30
1403.60
1282.80
1633.66
862.61
1048.28
1577.01
1578.97
2124.16
1097.95
1392.10
522.58
755.30
2090.54
1371.86
1806.06
1557.94
1599.27
1510.91
1749.31
1798.39
1023.65
1872.81
1528.91
1558.12
960.48
1557.94
1757.81
356.17
1900.18
1839.05
1155.05
1522.76
935.40
1796.98
1171.68
1656.28
1519.98
1593.24
636.02
1678.89
1663.58
1659.50
866.05
866.76
1842.10
665.99
1777.72
2024.20
860.32
1478.11
2098.07
877.17
693.36
1826.93
1253.76
1145.33
322.00
1916.37
1058.50
1376.59
1970.01
1483.77
1251.14
1755.18
2090.54
1472.53
1185.24
1455.85
1144.41
802.96
1110.00
1455.37
402.81
1674.09
509.52
1513.04
1220.35
1804.70
1649.49
1878.06
1461.63
1623.81
437.40
949.34
1642.55
1847.08
1253.76
1792.85
1930.24
1642.16
1309.85
1473.75
1208.82
1623.73
544.12
2197.33
1374.90
1166.93
667.98
715.20
1987.44
1361.08
1483.48
1952.80
1917.57
1237.07
1619.00
1510.91
966.26
1727.10
1687.08
1625.46
1447.39
1506.38
1921.68
1549.54
1750.09
935.38
1033.44
1648.96
1745.18
1528.91
971.31
2248.12
1399.55
1496.46
1451.85
1577.01
1437.95
1276.45
1729.68
1295.34
1889.71
1198.24
1826.93
1770.37
1419.34
2162.13
1392.10
1399.55
1724.68
1674.09
1475.40
1068.46
1077.35
1687.08
1449.26
1847.08
1645.06
1300.19
1045.96
1154.03
1152.99
1819.41
1649.42
1338.30
1889.71
1475.40
1682.98
1899.69
1870.43
1624.11
1490.96
1603.60
1311.23
500.92
1673.70
1952.80
1788.75
1871.76
2197.33
1800.86
1752.03
1157.87
1152.99
1157.03
1723.79
1569.37
1605.84
1285.20
1666.29
1575.52
710.25
1843.97
1491.90
1944.89
2197.33
1264.53
949.04
1691.68
1842.47
1780.07
1649.04
1238.04
1921.18
1749.31
1842.10
1423.85
1605.84
1883.21
221.23
572.73
1439.17
992.40
1248.46
1190.16
1755.05
860.42
1260.96
924.90
1269.10
1721.56
1673.70
1253.76
1276.45
1649.04
1451.86
1500.28
1152.99
1951.77
1461.33
1522.76
1376.04
1515.99
1613.84
1394.38
1229.41
540.97
1238.04
1612.43
950.24
1458.63
1683.49
1560.78
2143.74
1847.08
1718.71
1785.53
1648.96
1458.63
2024.20
1487.93
1565.16
1944.89
1905.50
1573.12
1747.22
1623.81
1558.12
1755.05
897.26
1207.69
2162.03
2214.64
1573.12
905.79
1696.65
1970.01
1513.04
1640.78
1732.47
1980.99
905.80
1730.86
667.98
1154.03
1556.68
666.59
1482.12
1640.79
1852.47
1749.93
1639.12
1201.26
1222.41
1356.46
1906.35
1902.37
1510.91
1807.67
1347.18
981.72
1575.52
1249.66
1612.43
1110.00
1519.98
1829.06
2079.14
1925.32
1549.54
902.78
1828.37
1058.50
1628.60
1222.41
1603.60
1302.97
972.95
1367.64
1687.08
1500.09
1478.31
1121.80
1663.39
1593.12
1964.86
1970.01
2090.54
549.04
1435.96
1145.33
1387.17
2159.33
835.08
1619.00
1842.10
1092.94
1494.23
1843.97
1728.07
1632.10
1696.65
664.43
754.16
1120.10
1654.42
1560.78
1691.68
1462.01
1666.61
1515.99
1558.12
738.92
1628.60
1810.37
1951.77
2024.20
1847.08
1586.21
835.08
1045.96
1419.34
1048.28
1666.52
1580.95
1593.12
903.30
1683.49
1930.24
1109.32
1851.71
1048.28
897.26
1815.42
1202.90
1749.93
1975.88
1593.12
874.99
1536.60
897.26
1473.01
1587.21
1067.81
1556.78
1632.42
884.65
940.38
1455.85
972.95
2090.54
1311.23
1300.19
1827.44
1397.10
802.95
1311.23
1522.45
841.27
624.78
290.36
544.12
1386.33
1745.09
715.19
1624.11
1634.13
877.17
1699.56
1797.14
1930.24
802.95
1494.23
2162.13
1561.63
1683.49
1349.04
1243.10
1787.41
1450.67
1251.14
1237.62
1638.66
1782.14
1437.95
1149.07
1653.69
812.48
1152.04
935.40
1698.00
966.26
1459.34
860.32
905.78
1423.86
969.85
851.24
549.04
1704.06
981.73
828.16
1805.77
726.14
1925.32
1237.07
1638.66
1918.89
1423.85
874.99
1746.74
1803.97
1743.85
650.68
1183.74
1238.04
1683.49
726.14
1496.46
1699.90
1459.63
1805.77
1084.79
1222.60
1603.60
1587.80
1943.24
1862.45
1534.20
1659.50
1703.20
752.69
1572.91
1180.63
1643.68
857.42
303.94
949.34
1338.30
1696.65
1917.57
1068.46
1535.30
1265.57
873.97
1419.88
1666.61
1077.12
1623.73
1843.97
789.01
1693.82
888.11
1728.07
1201.26
1189.47
1238.04
2000.42
1287.00
1273.45
1988.56
1630.66
1202.90
2024.20
1865.67
1575.52
1970.01
1682.08
1201.26
1539.47
1438.04
1779.92
1110.00
877.17
1276.06
1693.82
1600.42
1815.02
1839.05
2162.13
2337.73
644.73
1515.99
1809.91
1577.01
704.94
650.68
1134.47
1952.80
1386.33
1466.95
1759.97
751.16
1732.08
1640.78
1757.31
500.92
1055.25
1710.53
1785.53
922.69
1145.33
1980.99
1851.70
1702.81
1846.41
1116.31
500.93
1953.03
1476.48
1175.65
2162.03
1499.24
1759.98
1256.92
1593.12
1804.70
1779.48
1696.72
695.66
1837.11
1455.37
1510.57
1805.77
1257.31
1779.92
1306.91
1785.47
626.12
866.18
1276.06
1475.40
1755.05
1222.60
1918.89
1366.61
1494.23
1492.02
1630.47
1535.31
1163.10
1873.19
1883.21
1389.11
966.87
1110.96
1317.33
2239.35
737.28
1664.76
1487.93
2143.74
1415.58
1921.68
640.56
1634.04
1295.34
924.65
1492.02
1092.94
679.38
1557.27
1228.94
1785.73
1577.01
1492.64
1649.04
1443.02
1485.69
1345.66
2214.64
1513.04
1656.28
1113.16
1269.10
1745.09
1642.15
1419.48
793.58
1367.54
1705.90
1629.01
1749.31
2013.21
913.29
1535.30
1770.91
1628.60
1180.63
1852.47
704.94
1502.02
1605.84
1462.01
1193.72
802.95
1337.63
1649.04
922.69
1624.11
1779.93
1472.53
1796.98
1237.07
1843.98
1572.91
1792.85
1832.34
303.94
1300.19
1171.54
1960.92
1847.26
459.21
1206.95
1317.33
1827.44
1951.77
1347.18
1829.06
1778.65
1062.52
1691.68
1842.10
1589.75
1502.46
1507.49
1207.47
1798.38
1456.34
1277.26
1492.02
1832.34
1361.30
640.57
1656.28
1849.58
835.09
1507.49
1593.24
1292.93
1485.69
949.34
751.57
1721.56
1705.90
924.90
1062.52
1889.71
1510.92
1968.40
516.69
1603.89
600.23
1287.00
1395.03
873.97
695.66
1499.68
648.57
1915.79
1282.80
1209.08
1878.06
1349.04
1462.01
1578.97
1344.71
1487.93
1265.57
446.94
1691.68
852.02
678.74
866.76
575.99
2239.35
1750.09
1346.14
924.90
494.63
1201.26
1447.95
1404.39
1183.74
2197.33
1251.14
1398.94
1584.73
1775.03
1663.58
1642.55
1682.62
1478.11
1662.88
1865.67
1455.85
1623.73
1561.41
703.45
1879.76
1215.84
1222.60
1791.69
2159.33
1732.20
1285.23
1671.23
956.61
913.29
2015.18
1295.14
1682.62
437.40
1353.87
1832.34
1119.18
1674.09
1815.42
1930.24
234.20
1265.57
1899.69
1921.18
693.36
1356.46
1593.24
1915.79
1798.47
1967.87
1371.86
1547.50
875.39
1539.10
785.59
805.12
1306.91
225.13
1663.58
640.56
658.14
1557.27
1349.04
2159.33
1249.66
1921.68
1889.90
949.04
1837.25
1628.81
1797.14
880.41
644.73
1542.40
1556.70
1674.09
666.59
1739.18
2197.33
1273.45
1149.07
880.41
1770.37
1809.83
1793.52
2143.74
1615.13
1586.21
572.73
1273.45
1796.98
2065.16
902.09
1839.67
666.59
1623.73
1443.02
1988.56
1285.20
1376.59
1659.50
1846.42
869.00
1878.06
1408.25
1490.96
1826.08
1360.76
1380.88
1467.52
1951.77
703.45
897.26
1980.99
1757.81
290.36
1539.10
1550.04
1513.04
1847.26
1760.00
1403.60
917.79
1780.07
1422.12
1559.60
785.59
1483.58
862.61
1499.24
1370.64
669.85
1763.16
1673.70
1045.96
1666.61
674.85
1215.96
1342.39
2050.62
1711.55
1687.08
1714.80
631.81
1873.19
1793.52
1787.57
1745.09
1396.28
1406.95
1560.78
1237.07
1757.31
1705.90
1828.37
1356.46
1793.07
1807.42
682.22
1243.10
779.08
1695.82
1510.57
1695.08
1372.83
648.53
1398.94
1248.46
1475.40
1183.74
1787.57
1839.47
1287.00
1971.23
564.16
1512.04
1033.44
1608.55
1267.98
1109.32
1586.22
1295.14
1285.23
686.23
1504.10
1449.26
1584.73
1851.70
1669.76
1507.68
1718.79
1730.86
1473.75
1589.73
1394.55
1277.26
1554.82
1925.32
1050.25
992.40
1840.75
779.66
1777.72
1661.61
1485.69
1328.85
1779.08
446.94
1889.71
1872.44
1166.10
1721.56
1222.41
799.12
1573.12
710.25
1755.05
1989.13
1539.47
1476.03
1624.87
255.57
1643.68
1221.36
1516.68
1745.18
982.64
805.12
1718.71
962.14
1387.43
1780.07
755.30
1421.45
640.56
704.94
1573.12
1499.68
990.84
1638.67
1483.77
1124.18
1972.88
1732.46
1539.00
1674.09
1450.67
1438.04
788.53
1787.41
1787.57
703.45
626.12
887.66
1746.74
1843.97
1222.60
1967.87
1248.46
1344.18
1875.72
1317.16
1951.77
830.07
1367.64
1589.73
852.02
1779.48
1282.80
1149.07
1759.97
1366.61
897.26
1897.87
1967.87
1674.09
1699.90
1081.05
1109.32
1282.84
1785.53
1209.08
1921.18
631.81
1192.88
1220.35
866.18
1809.83
1702.90
418.17
1458.63
1819.41
2239.35
751.58
1765.79
1575.52
723.30
255.57
1780.07
1251.14
1300.19
1022.81
789.01
1599.27
1721.56
1567.23
1739.18
1630.47
1455.37
940.38
1633.66
1030.41
1149.07
1295.14
1163.10
866.07
718.30
897.26
1968.40
2143.74
1757.31
1844.58
1349.04
1603.60
1492.02
1202.69
1373.40
2063.98
1229.87
1710.98
1553.21
2143.74
1514.40
1518.93
1535.30
1880.76
841.27
837.36
1472.53
1633.66
1114.90
978.13
1395.65
1110.00
1871.76
1494.23
1356.46
1807.33
1351.69
1586.22
303.94
331.74
1903.76
1561.41
972.95
1827.18
850.57
924.90
628.15
1710.72
1209.08
1956.89
872.19
1419.34
1494.23
764.24
1809.83
1209.08
683.10
1341.74
1796.98
1567.43
1273.45
1871.27
1364.54
631.50
1787.57
2143.74
1374.91
2279.82
1276.06
2214.64
1251.14
1694.37
1180.63
1462.34
805.12
1189.47
1666.61
1536.60
1287.00
1649.42
837.80
682.22
1432.79
1155.05
1987.39
1930.24
1510.91
636.02
1235.69
927.98
695.66
669.85
866.18
1435.96
1406.95
1423.86
1429.72
1666.18
917.79
852.02
1883.49
1345.39
2098.07
1109.32
905.79
1833.27
897.26
1394.38
1649.49
1683.49
1353.87
150.34
1758.56
1394.38
2073.13
1499.68
1485.69
1394.38
1921.18
1745.86
1662.88
1578.87
1847.26
795.80
1915.79
1436.66
1488.48
1730.86
1872.44
1434.84
1344.18
1918.89
1831.92
1261.41
1701.72
1339.93
1165.44
845.35
877.17
1967.87
1237.07
922.70
1691.68
888.11
1558.12
1394.38
1208.82
1548.87
1506.38
1691.68
1081.05
1643.68
924.90
1171.54
1120.22
1630.47
1516.58
1623.81
1312.17
1365.73
835.54
1810.94
1346.14
1492.02
990.84
2214.64
1807.42
1175.65
1809.83
1220.35
1685.93
1510.91
1260.96
1295.14
1478.31
1371.86
666.59
1674.09
1353.87
917.79
1875.72
1237.07
1839.05
1110.96
1451.85
1250.66
1883.21
1587.80
1819.41
1536.60
1455.85
1847.85
1050.25
1606.76
888.11
1419.88
993.55
1267.98
1092.94
1727.10
1701.23
1557.20
1260.96
1017.64
1732.46
1995.87
1691.38
448.34
1229.87
1109.32
1548.87
1490.51
674.85
1483.93
1615.43
150.34
1422.12
1787.41
1364.54
1691.68
1222.60
1878.06
1809.91
866.76
609.73
2239.35
1113.16
1730.86
1648.96
1447.25
1894.85
1478.93
1827.44
1761.94
544.12
1455.37
150.34
1852.24
949.34
866.07
2079.14
1871.76
710.25
1500.09
1583.95
1921.68
1787.57
457.49
1638.66
1222.60
1819.41
1302.97
1894.85
1865.67
2143.74
1485.05
1639.12
1311.23
1485.40
648.57
1806.06
1422.12
992.40
927.98
1879.76
1403.60
1710.72
303.94
1704.72
1648.96
924.90
1095.31
793.62
1411.95
1377.35
990.84
1366.61
1110.96
1560.78
1585.02
1146.78
1292.93
1645.06
1257.31
1603.89
1515.99
1826.93
1846.41
1110.96
1236.67
922.69
1642.15
837.36
671.06
1175.65
966.87
1752.72
1243.10
1109.32
1852.24
1236.67
1875.72
1339.93
1201.26
1339.93
670.98
1225.63
1225.63
1305.54
1792.31
844.90
1311.23
1449.26
1682.62
636.51
1077.12
1403.60
913.29
2015.18
1843.97
1167.78
1370.64
1317.17
1682.98
1793.52
1398.75
322.00
800.18
2124.16
1183.74
2279.82
1183.74
805.12
1956.89
1656.28
1587.80
1250.66
1674.09
1513.04
1248.46
1273.45
835.54
1434.42
1344.71
1265.58
1499.24
666.59
1485.40
1116.31
1423.86
1364.54
1732.46
2000.39
1586.23
1302.97
1953.03
935.40
1682.33
1276.06
1662.92
1179.09
1228.94
1506.38
1578.87
1837.11
866.18
1077.35
2159.33
1666.18
902.09
1248.46
1980.99
1770.37
2014.72
1624.11
1557.94
1512.04
1878.06
1436.66
1175.65
1411.95
1422.12
1372.31
704.94
628.40
1917.57
1353.87
1510.57
1752.72
1798.48
1539.77
950.24
1593.80
1842.24
359.10
1399.55
1435.96
1629.92
1682.33
1084.79
1305.54
789.01
482.65
1264.53
1780.65
1980.99
2017.72
1798.47
1492.02
877.17
1745.18
1857.04
950.24
1787.41
648.53
949.34
1229.42
1410.58
1012.00
1624.11
1142.89
1676.23
1658.97
1639.12
1423.86
1434.42
1649.04
1346.14
1658.97
1881.36
1739.49
1050.25
1110.55
1797.88
1392.10
1374.90
891.90
929.16
1448.72
1777.72
1034.87
828.16
1300.19
1710.53
1447.25
1282.80
956.61
1883.49
1513.28
1624.11
1600.10
1421.45
1238.04
782.66
1573.12
710.25
905.79
1785.47
1970.02
1345.66
1970.01
866.76
1090.35
1058.50
895.14
1114.90
1279.31
1548.87
1510.57
962.14
1628.66
1760.00
1374.90
1416.98
1670.23
1561.41
2050.62
1193.72
1238.04
1361.30
1827.44
1287.00
1324.64
1682.33
1092.94
500.92
1807.67
1635.50
802.95
1238.04
1189.47
935.98
1593.24
1560.79
418.17
1090.35
1556.70
1590.80
1734.08
1749.31
1309.85
1449.26
1761.68
1755.05
1711.55
1840.75
1833.56
1605.84
1726.51
1267.98
1487.93
1429.72
787.52
1747.22
1356.46
1276.06
1837.11
718.71
1871.76
1081.05
835.54
1077.35
1873.19
1483.06
1523.26
1593.12
1472.53
1608.55
782.68
1450.67
935.40
1467.52
1797.88
1050.96
1478.11
1503.98
891.90
1220.35
873.97
1513.04
1732.12
847.34
1396.28
793.58
1683.49
482.65
1058.50
488.34
1419.48
1558.12
2214.64
2030.76
1438.41
1894.86
788.53
793.53
1889.71
1438.04
1317.33
1374.90
1539.47
1144.41
1879.09
1447.39
1121.80
2214.64
2239.35
1846.41
1493.96
1610.25
851.24
1587.21
1198.24
1682.10
1476.03
972.58
500.92
1921.18
1243.10
723.30
1470.72
1542.40
1238.04
1569.37
1915.79
1116.62
799.12
1235.69
1771.80
703.45
718.30
522.58
1710.98
1710.53
1351.69
1897.37
1311.23
2098.07
1578.87
1389.11
1656.28
1980.99
631.81
1366.61
1461.33
852.02
718.71
1539.00
1558.09
1447.39
1556.78
860.32
1852.24
1806.06
902.09
2050.62
1663.58
1797.88
1438.41
2162.13
1776.62
1251.14
751.58
788.62
1755.05
1152.99
1505.19
1755.18
1468.19
1203.93
1483.58
1249.66
1388.05
828.16
1410.58
1897.87
795.80
1666.18
1023.65
1691.15
1518.93
1264.53
693.36
1473.75
1371.86
446.94
1468.19
1429.72
1865.67
1434.42
1642.55
1387.17
1918.89
1058.50
1798.47
1815.02
1593.12
599.93
682.22
2050.62
1203.93
828.16
1593.24
866.76
1478.31
1832.35
1429.72
1852.24
902.09
1569.37
1844.58
1902.37
1306.64
1478.93
1421.07
1451.85
1251.14
1169.20
1520.73
1251.14
1166.10
1608.55
1691.15
1238.04
1683.49
1718.71
648.53
682.22
1701.23
1482.12
1473.46
1757.31
1691.68
1198.24
1146.78
1599.27
1376.59
841.27
1827.18
1497.23
1897.37
1550.04
877.17
1113.16
1489.99
1593.12
1643.68
2248.12
1116.56
624.78
1373.40
1406.95
902.78
751.58
1694.37
1250.66
1921.16
1183.74
1797.88
1758.56
1770.37
866.76
1523.26
1649.49
1237.62
693.36
629.04
1198.24
1815.02
1663.58
451.34
1306.91
1608.55
1649.04
1548.87
1889.90
1997.52
1902.37
1447.25
1956.89
972.58
1256.92
293.36
1648.96
1491.90
1367.64
1520.73
1600.42
2162.03
1975.88
1831.92
1507.49
1466.95
1461.33
1451.85
2030.76
1951.77
1448.96
794.70
1483.06
1480.87
1396.28
1434.42
1439.17
1852.47
1152.99
1229.41
1371.86
290.36
1561.20
1506.38
1628.66
1478.11
1273.45
1179.09
1265.57
1019.85
482.65
1548.87
949.34
1619.00
1085.40
2030.59
962.15
2132.85
1889.71
1745.18
1578.87
1809.29
1271.52
1803.97
564.16
1392.10
2214.64
1012.00
1306.64
1535.30
1691.68
547.04
1485.05
1437.95
1215.96
1889.71
1944.88
402.81
1623.73
494.63
1553.21
1423.86
1568.41
1435.34
1776.62
2000.42
540.97
150.34
1419.88
1276.06
1249.66
1077.12
488.34
1796.98
802.96
1851.70
1586.21
774.64
946.39
1264.53
1779.92
1797.14
666.59
1701.94
1496.90
1285.23
290.36
850.57
1485.69
1366.61
993.55
1365.73
837.36
1539.47
647.00
1225.63
1790.53
1556.68
1862.45
1561.41
1403.48
800.30
1739.18
793.62
1691.68
1113.16
1610.25
1349.04
1251.14
1485.05
1567.23
1608.55
1478.93
1930.24
1740.85
1977.89
802.95
1897.19
1373.40
1577.01
1873.19
1691.68
1650.06
658.15
1168.72
1235.69
2016.46
1525.26
1878.06
1726.51
781.82
1696.65
1673.70
1809.83
1050.05
1158.68
950.24
1535.30
2214.64
852.02
1721.56
1608.55
1171.68
704.94
1650.06
835.54
1468.19
589.11
1134.47
1067.81
1309.85
1785.47
1846.41
695.66
1800.86
903.30
683.10
1447.40
1142.89
718.71
1577.55
1807.67
1237.62
1423.85
1171.54
1353.87
1543.17
1411.95
1190.16
1249.66
1385.43
457.49
726.14
1569.37
1209.08
1171.68
866.07
1366.61
418.17
852.02
1832.34
781.82
862.61
1429.72
1536.60
1645.06
1396.28
1634.04
1561.41
644.69
1515.99
1931.21
1389.11
1691.68
1791.69
966.26
1761.68
1515.54
1730.86
1447.25
1337.63
1734.08
1328.85
1829.06
1837.25
1805.77
1839.67
1739.49
1190.17
1502.02
1650.07
1090.35
1415.58
1133.45
1603.60
1899.69
1847.84
1925.32
1360.76
1050.25
1465.90
1800.86
877.17
1721.56
625.15
1257.31
290.36
1438.04
2030.76
1585.02
1623.73
1017.64
949.34
1705.24
1413.52
1394.39
1467.52
1324.64
1970.01
1614.66
788.62
1228.94
1684.79
1229.87
1394.38
1577.55
674.85
1183.74
718.30
572.74
1745.09
913.29
1648.96
1829.06
1542.40
1485.05
1945.95
873.97
1455.37
1422.12
1372.31
1366.61
678.74
1815.02
1556.68
1435.34
575.99
1189.47
1685.10
1635.50
924.90
2075.18
800.30
800.18
1416.98
1273.45
1778.65
1421.45
1092.94
1921.68
2014.72
1977.89
1372.83
1112.02
625.15
1809.91
1077.12
1755.18
380.89
1831.92
1730.86
1779.08
1510.91
1743.85
924.65
875.40
1711.55
1649.04
1701.94
1528.91
1269.10
1443.02
1062.52
648.53
2015.18
1030.13
1389.11
1456.34
1017.64
1222.60
1633.60
1905.50
1573.12
535.67
1515.54
927.98
1593.24
1520.73
1157.87
1797.88
1515.54
1785.53
1930.24
1654.42
1017.64
1656.28
2214.64
1276.06
1461.33
1455.85
1276.06
1273.46
1539.10
917.79
1496.90
781.82
1466.31
835.54
1237.62
1419.48
726.14
1353.77
1951.77
738.92
2197.33
866.76
1155.05
981.72
1671.23
1843.97
1388.05
1561.20
1251.14
1037.45
813.95
2007.62
1267.98
1918.89
1682.62
1710.72
1202.69
1317.33
1487.93
1815.02
1251.14
1344.17
1879.76
802.96
1921.09
2032.23
1770.37
1720.21
1865.67
1110.60
1726.51
282.89
1394.55
1222.60
1372.83
880.41
2030.76
1257.31
1415.58
874.99
1903.76
793.53
158.35
676.38
924.90
1873.19
1967.87
1749.93
1628.60
1779.48
1092.94
1438.04
935.38
1154.77
1506.38
841.27
695.66
1785.53
1090.35
751.57
1450.67
1590.82
1366.61
1701.00
1870.43
1295.14
1951.77
1568.41
1507.04
1659.50
1549.54
322.00
741.01
1050.96
678.74
1619.00
1590.82
1770.37
1612.43
1396.28
1455.37
1273.45
589.11
1815.02
1797.14
1483.33
1728.07
1587.21
1192.88
2014.72
844.90
1396.28
869.00
1730.86
1435.96
847.33
1112.02
1851.70
877.17
1548.87
1487.93
1055.25
2090.54
949.34
1353.87
1630.47
1019.85
1522.60
1284.51
1361.08
1081.05
1152.99
1956.89
1454.47
726.14
1897.19
1349.04
877.17
543.56
1752.72
1573.12
469.68
1193.72
1461.64
303.94
1415.58
1190.16
1392.10
1710.72
1483.58
1341.74
1682.62
2197.33
482.65
1502.02
639.51
1635.50
1422.48
1110.00
1879.10
1797.14
1960.92
1485.40
1412.13
1875.73
1062.52
1721.56
1374.90
1356.46
1202.90
1666.18
494.63
1050.05
906.36
887.65
1798.47
875.39
1154.77
1844.58
1522.60
1394.38
221.23
1215.84
868.32
962.15
1163.10
872.19
1578.87
1707.38
1843.97
1434.42
1739.18
841.27
1435.04
902.09
1674.09
1547.50
2162.03
1264.53
1608.56
1447.95
1192.88
1899.69
1737.86
1454.47
1116.56
1780.65
695.67
1515.99
949.04
1977.89
1459.63
1183.74
1681.48
1683.49
2214.64
1695.08
150.35
1569.37
1682.98
1277.27
1238.04
1656.28
1589.73
446.94
952.72
1798.38
1671.23
1577.01
2014.72
1889.90
1630.47
1282.80
1447.39
1635.50
1389.11
648.53
1695.08
1788.75
1430.04
1235.69
1759.97
704.94
504.26
682.22
1829.06
1353.87
